深圳华强  2017/01/23 28.0855 0.4737 0.3836 0.4564 0.6062 深圳华强  2017/01/24 27.4416 0.4915 0.2952 0.4938 0.4775 深圳华强  2017/02/06 26.9558 0.3799 0.3225 0.4146 0.4919 深圳华强  2017/01/23 28.0855 0.4737 0.3836 0.4564 0.6062 
深圳华强  2017/01/24 27.4416 0.4915 0.2952 0.4938 0.4775 
深圳华强  2017/02/06 26.9558 0.3799 0.3225 0.4146 0.4919 
深圳华强  2017/01/23 28.0855 0.4737 0.3836 0.4564 0.6062 
深圳华强  2017/01/24 27.4416 0.4915 0.2952 0.4938 0.4775 
深圳华强  2017/02/06 26.9558 0.3799 0.3225 0.4146 0.4919 
深圳华强  2017/01/23 28.0855 0.4737 0.3836 0.4564 0.6062 
深圳华强  2017/01/24 27.4416 0.4915 0.2952 0.4938 0.4775 
深圳华强  2017/02/06 26.9558 0.3799 0.3225 0.4146 0.4919 
深圳华强  2017/01/23 28.0855 0.4737 0.3836 0.4564 0.6062 
深圳华强  2017/01/24 27.4416 0.4915 0.2952 0.4938 0.4775 
深圳华强  2017/02/06 26.9558 0.3799 0.3225 0.4146 0.4919 
深圳华强  2017/01/23 28.0855 0.4737 0.3836 0.4564 0.6062 
深圳华强  2017/01/24 27.4416 0.4915 0.2952 0.4938 0.4775 
深圳华强  2017/02/06 26.9558 0.3799 0.3225 0.4146 0.4919 
深圳华强  2017/01/23 28.0855 0.4737 0.3836 0.4564 0.6062 
深圳华强  2017/01/24 27.4416 0.4915 0.2952 0.4938 0.4775 
深圳华强  2017/02/06 26.9558 0.3799 0.3225 0.4146 0.4919 
深圳华强  2017/01/23 28.0855 0.4737 0.3836 0.4564 0.6062 
深圳华强  2017/01/24 27.4416 0.4915 0.2952 0.4938 0.4775 
深圳华强  2017/02/06 26.9558 0.3799 0.3225 0.4146 0.4919 
深圳华强  2017/01/23 28.0855 0.4737 0.3836 0.4564 0.6062 
深圳华强  2017/01/24 27.4416 0.4915 0.2952 0.4938 0.4775 
深圳华强  2017/02/06 26.9558 0.3799 0.3225 0.4146 0.4919 
深圳华强  2017/01/23 28.0855 0.4737 0.3836 0.4564 0.6062 
深圳华强  2017/01/24 27.4416 0.4915 0.2952 0.4938 0.4775 
深圳华强  2017/02/06 26.9558 0.3799 0.3225 0.4146 0.4919 
深圳华强  2017/01/23 28.0855 0.4737 0.3836 0.4564 0.6062 
深圳华强  2017/01/24 27.4416 0.4915 0.2952 0.4938 0.4775 
深圳华强  2017/02/06 26.9558 0.3799 0.3225 0.4146 0.4919 
深圳华强  2017/01/23 28.0855 0.4737 0.3836 0.4564 0.6062 
深圳华强  2017/01/24 27.4416 0.4915 0.2952 0.4938 0.4775 
深圳华强  2017/02/06 26.9558 0.3799 0.3225 0.4146 0.4919 
深圳华强  2017/01/23 28.0855 0.4737 0.3836 0.4564 0.6062 
深圳华强  2017/01/24 27.4416 0.4915 0.2952 0.4938 0.4775 
深圳华强  2017/02/06 26.9558 0.3799 0.3225 0.4146 0.4919 
深圳华强  2017/01/23 28.0855 0.4737 0.3836 0.4564 0.6062 
深圳华强  2017/01/24 27.4416 0.4915 0.2952 0.4938 0.4775 
深圳华强  2017/02/06 26.9558 0.3799 0.3225 0.4146 0.4919 
深圳华强  2017/01/23 28.0855 0.4737 0.3836 0.4564 0.6062 
深圳华强  2017/01/24 27.4416 0.4915 0.2952 0.4938 0.4775 
深圳华强  2017/02/06 26.9558 0.3799 0.3225 0.4146 0.4919 
深圳华强  2017/01/23 28.0855 0.4737 0.3836 0.4564 0.6062 
深圳华强  2017/01/24 27.4416 0.4915 0.2952 0.4938 0.4775 
深圳华强  2017/02/06 26.9558 0.3799 0.3225 0.4146 0.4919 
