申万宏源  2017/02/06 6.2335 0.4637 0.5219 0.587 0.5567 申万宏源  2017/02/06 6.2335 0.4637 0.5219 0.587 0.5567 
申万宏源  2017/02/06 6.2335 0.4637 0.5219 0.587 0.5567 
申万宏源  2017/02/06 6.2335 0.4637 0.5219 0.587 0.5567 
申万宏源  2017/02/06 6.2335 0.4637 0.5219 0.587 0.5567 
申万宏源  2017/02/06 6.2335 0.4637 0.5219 0.587 0.5567 
申万宏源  2017/02/06 6.2335 0.4637 0.5219 0.587 0.5567 
申万宏源  2017/02/06 6.2335 0.4637 0.5219 0.587 0.5567 
申万宏源  2017/02/06 6.2335 0.4637 0.5219 0.587 0.5567 
申万宏源  2017/02/06 6.2335 0.4637 0.5219 0.587 0.5567 
申万宏源  2017/02/06 6.2335 0.4637 0.5219 0.587 0.5567 
申万宏源  2017/02/06 6.2335 0.4637 0.5219 0.587 0.5567 
申万宏源  2017/02/06 6.2335 0.4637 0.5219 0.587 0.5567 
申万宏源  2017/02/06 6.2335 0.4637 0.5219 0.587 0.5567 
申万宏源  2017/02/06 6.2335 0.4637 0.5219 0.587 0.5567 
申万宏源  2017/02/06 6.2335 0.4637 0.5219 0.587 0.5567 
