东北电气  2017/01/24 8.1091 0.3539 0.4607 0.6221 0.7419 东北电气  2017/02/06 7.7446 0.518 0.4849 0.6858 0.6098 东北电气  2017/01/24 8.1091 0.3539 0.4607 0.6221 0.7419 
东北电气  2017/02/06 7.7446 0.518 0.4849 0.6858 0.6098 
东北电气  2017/01/24 8.1091 0.3539 0.4607 0.6221 0.7419 
东北电气  2017/02/06 7.7446 0.518 0.4849 0.6858 0.6098 
东北电气  2017/01/24 8.1091 0.3539 0.4607 0.6221 0.7419 
东北电气  2017/02/06 7.7446 0.518 0.4849 0.6858 0.6098 
东北电气  2017/01/24 8.1091 0.3539 0.4607 0.6221 0.7419 
东北电气  2017/02/06 7.7446 0.518 0.4849 0.6858 0.6098 
东北电气  2017/01/24 8.1091 0.3539 0.4607 0.6221 0.7419 
东北电气  2017/02/06 7.7446 0.518 0.4849 0.6858 0.6098 
东北电气  2017/01/24 8.1091 0.3539 0.4607 0.6221 0.7419 
东北电气  2017/02/06 7.7446 0.518 0.4849 0.6858 0.6098 
东北电气  2017/01/24 8.1091 0.3539 0.4607 0.6221 0.7419 
东北电气  2017/02/06 7.7446 0.518 0.4849 0.6858 0.6098 
东北电气  2017/01/24 8.1091 0.3539 0.4607 0.6221 0.7419 
东北电气  2017/02/06 7.7446 0.518 0.4849 0.6858 0.6098 
东北电气  2017/01/24 8.1091 0.3539 0.4607 0.6221 0.7419 
东北电气  2017/02/06 7.7446 0.518 0.4849 0.6858 0.6098 
东北电气  2017/01/24 8.1091 0.3539 0.4607 0.6221 0.7419 
东北电气  2017/02/06 7.7446 0.518 0.4849 0.6858 0.6098 
东北电气  2017/01/24 8.1091 0.3539 0.4607 0.6221 0.7419 
东北电气  2017/02/06 7.7446 0.518 0.4849 0.6858 0.6098 
东北电气  2017/01/24 8.1091 0.3539 0.4607 0.6221 0.7419 
东北电气  2017/02/06 7.7446 0.518 0.4849 0.6858 0.6098 
东北电气  2017/01/24 8.1091 0.3539 0.4607 0.6221 0.7419 
东北电气  2017/02/06 7.7446 0.518 0.4849 0.6858 0.6098 
东北电气  2017/01/24 8.1091 0.3539 0.4607 0.6221 0.7419 
东北电气  2017/02/06 7.7446 0.518 0.4849 0.6858 0.6098 
东北电气  2017/01/24 8.1091 0.3539 0.4607 0.6221 0.7419 
东北电气  2017/02/06 7.7446 0.518 0.4849 0.6858 0.6098 
