西部创业  2017/01/24 6.5211 0.7202 0.3151 0.5653 0.6158 西部创业  2017/02/06 6.2377 0.6691 0.5009 0.5578 0.4924 西部创业  2017/01/24 6.5211 0.7202 0.3151 0.5653 0.6158 
西部创业  2017/02/06 6.2377 0.6691 0.5009 0.5578 0.4924 
西部创业  2017/01/24 6.5211 0.7202 0.3151 0.5653 0.6158 
西部创业  2017/02/06 6.2377 0.6691 0.5009 0.5578 0.4924 
西部创业  2017/01/24 6.5211 0.7202 0.3151 0.5653 0.6158 
西部创业  2017/02/06 6.2377 0.6691 0.5009 0.5578 0.4924 
西部创业  2017/01/24 6.5211 0.7202 0.3151 0.5653 0.6158 
西部创业  2017/02/06 6.2377 0.6691 0.5009 0.5578 0.4924 
西部创业  2017/01/24 6.5211 0.7202 0.3151 0.5653 0.6158 
西部创业  2017/02/06 6.2377 0.6691 0.5009 0.5578 0.4924 
西部创业  2017/01/24 6.5211 0.7202 0.3151 0.5653 0.6158 
西部创业  2017/02/06 6.2377 0.6691 0.5009 0.5578 0.4924 
西部创业  2017/01/24 6.5211 0.7202 0.3151 0.5653 0.6158 
西部创业  2017/02/06 6.2377 0.6691 0.5009 0.5578 0.4924 
西部创业  2017/01/24 6.5211 0.7202 0.3151 0.5653 0.6158 
西部创业  2017/02/06 6.2377 0.6691 0.5009 0.5578 0.4924 
西部创业  2017/01/24 6.5211 0.7202 0.3151 0.5653 0.6158 
西部创业  2017/02/06 6.2377 0.6691 0.5009 0.5578 0.4924 
西部创业  2017/01/24 6.5211 0.7202 0.3151 0.5653 0.6158 
西部创业  2017/02/06 6.2377 0.6691 0.5009 0.5578 0.4924 
西部创业  2017/01/24 6.5211 0.7202 0.3151 0.5653 0.6158 
西部创业  2017/02/06 6.2377 0.6691 0.5009 0.5578 0.4924 
西部创业  2017/01/24 6.5211 0.7202 0.3151 0.5653 0.6158 
西部创业  2017/02/06 6.2377 0.6691 0.5009 0.5578 0.4924 
西部创业  2017/01/24 6.5211 0.7202 0.3151 0.5653 0.6158 
西部创业  2017/02/06 6.2377 0.6691 0.5009 0.5578 0.4924 
西部创业  2017/01/24 6.5211 0.7202 0.3151 0.5653 0.6158 
西部创业  2017/02/06 6.2377 0.6691 0.5009 0.5578 0.4924 
西部创业  2017/01/24 6.5211 0.7202 0.3151 0.5653 0.6158 
西部创业  2017/02/06 6.2377 0.6691 0.5009 0.5578 0.4924 
