智度股份  2017/01/24 18.1773 0.4072 0.3575 0.1693 0.1202 智度股份  2017/02/06 17.1213 0.378 0.4919 0.3812 0.4884 智度股份  2017/01/24 18.1773 0.4072 0.3575 0.1693 0.1202 
智度股份  2017/02/06 17.1213 0.378 0.4919 0.3812 0.4884 
智度股份  2017/01/24 18.1773 0.4072 0.3575 0.1693 0.1202 
智度股份  2017/02/06 17.1213 0.378 0.4919 0.3812 0.4884 
智度股份  2017/01/24 18.1773 0.4072 0.3575 0.1693 0.1202 
智度股份  2017/02/06 17.1213 0.378 0.4919 0.3812 0.4884 
智度股份  2017/01/24 18.1773 0.4072 0.3575 0.1693 0.1202 
智度股份  2017/02/06 17.1213 0.378 0.4919 0.3812 0.4884 
智度股份  2017/01/24 18.1773 0.4072 0.3575 0.1693 0.1202 
智度股份  2017/02/06 17.1213 0.378 0.4919 0.3812 0.4884 
智度股份  2017/01/24 18.1773 0.4072 0.3575 0.1693 0.1202 
智度股份  2017/02/06 17.1213 0.378 0.4919 0.3812 0.4884 
智度股份  2017/01/24 18.1773 0.4072 0.3575 0.1693 0.1202 
智度股份  2017/02/06 17.1213 0.378 0.4919 0.3812 0.4884 
智度股份  2017/01/24 18.1773 0.4072 0.3575 0.1693 0.1202 
智度股份  2017/02/06 17.1213 0.378 0.4919 0.3812 0.4884 
智度股份  2017/01/24 18.1773 0.4072 0.3575 0.1693 0.1202 
智度股份  2017/02/06 17.1213 0.378 0.4919 0.3812 0.4884 
智度股份  2017/01/24 18.1773 0.4072 0.3575 0.1693 0.1202 
智度股份  2017/02/06 17.1213 0.378 0.4919 0.3812 0.4884 
智度股份  2017/01/24 18.1773 0.4072 0.3575 0.1693 0.1202 
智度股份  2017/02/06 17.1213 0.378 0.4919 0.3812 0.4884 
智度股份  2017/01/24 18.1773 0.4072 0.3575 0.1693 0.1202 
智度股份  2017/02/06 17.1213 0.378 0.4919 0.3812 0.4884 
智度股份  2017/01/24 18.1773 0.4072 0.3575 0.1693 0.1202 
智度股份  2017/02/06 17.1213 0.378 0.4919 0.3812 0.4884 
智度股份  2017/01/24 18.1773 0.4072 0.3575 0.1693 0.1202 
智度股份  2017/02/06 17.1213 0.378 0.4919 0.3812 0.4884 
智度股份  2017/01/24 18.1773 0.4072 0.3575 0.1693 0.1202 
智度股份  2017/02/06 17.1213 0.378 0.4919 0.3812 0.4884 
