阳光城  2017/01/23 5.7653 0.5107 0.4133 0.3877 0.3131 阳光城  2017/01/24 5.6818 0.4942 0.3783 0.4716 0.4706 阳光城  2017/02/06 5.4434 0.3736 0.3939 0.4138 0.3589 阳光城  2017/01/23 5.7653 0.5107 0.4133 0.3877 0.3131 
阳光城  2017/01/24 5.6818 0.4942 0.3783 0.4716 0.4706 
阳光城  2017/02/06 5.4434 0.3736 0.3939 0.4138 0.3589 
阳光城  2017/01/23 5.7653 0.5107 0.4133 0.3877 0.3131 
阳光城  2017/01/24 5.6818 0.4942 0.3783 0.4716 0.4706 
阳光城  2017/02/06 5.4434 0.3736 0.3939 0.4138 0.3589 
阳光城  2017/01/23 5.7653 0.5107 0.4133 0.3877 0.3131 
阳光城  2017/01/24 5.6818 0.4942 0.3783 0.4716 0.4706 
阳光城  2017/02/06 5.4434 0.3736 0.3939 0.4138 0.3589 
阳光城  2017/01/23 5.7653 0.5107 0.4133 0.3877 0.3131 
阳光城  2017/01/24 5.6818 0.4942 0.3783 0.4716 0.4706 
阳光城  2017/02/06 5.4434 0.3736 0.3939 0.4138 0.3589 
阳光城  2017/01/23 5.7653 0.5107 0.4133 0.3877 0.3131 
阳光城  2017/01/24 5.6818 0.4942 0.3783 0.4716 0.4706 
阳光城  2017/02/06 5.4434 0.3736 0.3939 0.4138 0.3589 
阳光城  2017/01/23 5.7653 0.5107 0.4133 0.3877 0.3131 
阳光城  2017/01/24 5.6818 0.4942 0.3783 0.4716 0.4706 
阳光城  2017/02/06 5.4434 0.3736 0.3939 0.4138 0.3589 
阳光城  2017/01/23 5.7653 0.5107 0.4133 0.3877 0.3131 
阳光城  2017/01/24 5.6818 0.4942 0.3783 0.4716 0.4706 
阳光城  2017/02/06 5.4434 0.3736 0.3939 0.4138 0.3589 
阳光城  2017/01/23 5.7653 0.5107 0.4133 0.3877 0.3131 
阳光城  2017/01/24 5.6818 0.4942 0.3783 0.4716 0.4706 
阳光城  2017/02/06 5.4434 0.3736 0.3939 0.4138 0.3589 
阳光城  2017/01/23 5.7653 0.5107 0.4133 0.3877 0.3131 
阳光城  2017/01/24 5.6818 0.4942 0.3783 0.4716 0.4706 
阳光城  2017/02/06 5.4434 0.3736 0.3939 0.4138 0.3589 
阳光城  2017/01/23 5.7653 0.5107 0.4133 0.3877 0.3131 
阳光城  2017/01/24 5.6818 0.4942 0.3783 0.4716 0.4706 
阳光城  2017/02/06 5.4434 0.3736 0.3939 0.4138 0.3589 
阳光城  2017/01/23 5.7653 0.5107 0.4133 0.3877 0.3131 
阳光城  2017/01/24 5.6818 0.4942 0.3783 0.4716 0.4706 
阳光城  2017/02/06 5.4434 0.3736 0.3939 0.4138 0.3589 
阳光城  2017/01/23 5.7653 0.5107 0.4133 0.3877 0.3131 
阳光城  2017/01/24 5.6818 0.4942 0.3783 0.4716 0.4706 
阳光城  2017/02/06 5.4434 0.3736 0.3939 0.4138 0.3589 
阳光城  2017/01/23 5.7653 0.5107 0.4133 0.3877 0.3131 
阳光城  2017/01/24 5.6818 0.4942 0.3783 0.4716 0.4706 
阳光城  2017/02/06 5.4434 0.3736 0.3939 0.4138 0.3589 
阳光城  2017/01/23 5.7653 0.5107 0.4133 0.3877 0.3131 
阳光城  2017/01/24 5.6818 0.4942 0.3783 0.4716 0.4706 
阳光城  2017/02/06 5.4434 0.3736 0.3939 0.4138 0.3589 
阳光城  2017/01/23 5.7653 0.5107 0.4133 0.3877 0.3131 
阳光城  2017/01/24 5.6818 0.4942 0.3783 0.4716 0.4706 
阳光城  2017/02/06 5.4434 0.3736 0.3939 0.4138 0.3589 
