安凯客车  2017/01/24 7.1054 0.6038 0.3692 0.2406 0.6126 安凯客车  2017/02/06 7.1019 0.5537 0.4023 0.4511 0.5384 安凯客车  2017/01/24 7.1054 0.6038 0.3692 0.2406 0.6126 
安凯客车  2017/02/06 7.1019 0.5537 0.4023 0.4511 0.5384 
安凯客车  2017/01/24 7.1054 0.6038 0.3692 0.2406 0.6126 
安凯客车  2017/02/06 7.1019 0.5537 0.4023 0.4511 0.5384 
安凯客车  2017/01/24 7.1054 0.6038 0.3692 0.2406 0.6126 
安凯客车  2017/02/06 7.1019 0.5537 0.4023 0.4511 0.5384 
安凯客车  2017/01/24 7.1054 0.6038 0.3692 0.2406 0.6126 
安凯客车  2017/02/06 7.1019 0.5537 0.4023 0.4511 0.5384 
安凯客车  2017/01/24 7.1054 0.6038 0.3692 0.2406 0.6126 
安凯客车  2017/02/06 7.1019 0.5537 0.4023 0.4511 0.5384 
安凯客车  2017/01/24 7.1054 0.6038 0.3692 0.2406 0.6126 
安凯客车  2017/02/06 7.1019 0.5537 0.4023 0.4511 0.5384 
安凯客车  2017/01/24 7.1054 0.6038 0.3692 0.2406 0.6126 
安凯客车  2017/02/06 7.1019 0.5537 0.4023 0.4511 0.5384 
安凯客车  2017/01/24 7.1054 0.6038 0.3692 0.2406 0.6126 
安凯客车  2017/02/06 7.1019 0.5537 0.4023 0.4511 0.5384 
安凯客车  2017/01/24 7.1054 0.6038 0.3692 0.2406 0.6126 
安凯客车  2017/02/06 7.1019 0.5537 0.4023 0.4511 0.5384 
安凯客车  2017/01/24 7.1054 0.6038 0.3692 0.2406 0.6126 
安凯客车  2017/02/06 7.1019 0.5537 0.4023 0.4511 0.5384 
安凯客车  2017/01/24 7.1054 0.6038 0.3692 0.2406 0.6126 
安凯客车  2017/02/06 7.1019 0.5537 0.4023 0.4511 0.5384 
安凯客车  2017/01/24 7.1054 0.6038 0.3692 0.2406 0.6126 
安凯客车  2017/02/06 7.1019 0.5537 0.4023 0.4511 0.5384 
安凯客车  2017/01/24 7.1054 0.6038 0.3692 0.2406 0.6126 
安凯客车  2017/02/06 7.1019 0.5537 0.4023 0.4511 0.5384 
安凯客车  2017/01/24 7.1054 0.6038 0.3692 0.2406 0.6126 
安凯客车  2017/02/06 7.1019 0.5537 0.4023 0.4511 0.5384 
安凯客车  2017/01/24 7.1054 0.6038 0.3692 0.2406 0.6126 
安凯客车  2017/02/06 7.1019 0.5537 0.4023 0.4511 0.5384 
