东方海洋  2017/01/23 11.7996 0.6107 0.74 0.4518 0.5733 东方海洋  2017/01/24 11.3902 0.5834 0.4802 0.6189 0.4286 东方海洋  2017/02/06 11.3085 0.4783 0.7058 0.4817 0.546 东方海洋  2017/01/23 11.7996 0.6107 0.74 0.4518 0.5733 
东方海洋  2017/01/24 11.3902 0.5834 0.4802 0.6189 0.4286 
东方海洋  2017/02/06 11.3085 0.4783 0.7058 0.4817 0.546 
东方海洋  2017/01/23 11.7996 0.6107 0.74 0.4518 0.5733 
东方海洋  2017/01/24 11.3902 0.5834 0.4802 0.6189 0.4286 
东方海洋  2017/02/06 11.3085 0.4783 0.7058 0.4817 0.546 
东方海洋  2017/01/23 11.7996 0.6107 0.74 0.4518 0.5733 
东方海洋  2017/01/24 11.3902 0.5834 0.4802 0.6189 0.4286 
东方海洋  2017/02/06 11.3085 0.4783 0.7058 0.4817 0.546 
东方海洋  2017/01/23 11.7996 0.6107 0.74 0.4518 0.5733 
东方海洋  2017/01/24 11.3902 0.5834 0.4802 0.6189 0.4286 
东方海洋  2017/02/06 11.3085 0.4783 0.7058 0.4817 0.546 
东方海洋  2017/01/23 11.7996 0.6107 0.74 0.4518 0.5733 
东方海洋  2017/01/24 11.3902 0.5834 0.4802 0.6189 0.4286 
东方海洋  2017/02/06 11.3085 0.4783 0.7058 0.4817 0.546 
东方海洋  2017/01/23 11.7996 0.6107 0.74 0.4518 0.5733 
东方海洋  2017/01/24 11.3902 0.5834 0.4802 0.6189 0.4286 
东方海洋  2017/02/06 11.3085 0.4783 0.7058 0.4817 0.546 
东方海洋  2017/01/23 11.7996 0.6107 0.74 0.4518 0.5733 
东方海洋  2017/01/24 11.3902 0.5834 0.4802 0.6189 0.4286 
东方海洋  2017/02/06 11.3085 0.4783 0.7058 0.4817 0.546 
东方海洋  2017/01/23 11.7996 0.6107 0.74 0.4518 0.5733 
东方海洋  2017/01/24 11.3902 0.5834 0.4802 0.6189 0.4286 
东方海洋  2017/02/06 11.3085 0.4783 0.7058 0.4817 0.546 
东方海洋  2017/01/23 11.7996 0.6107 0.74 0.4518 0.5733 
东方海洋  2017/01/24 11.3902 0.5834 0.4802 0.6189 0.4286 
东方海洋  2017/02/06 11.3085 0.4783 0.7058 0.4817 0.546 
东方海洋  2017/01/23 11.7996 0.6107 0.74 0.4518 0.5733 
东方海洋  2017/01/24 11.3902 0.5834 0.4802 0.6189 0.4286 
东方海洋  2017/02/06 11.3085 0.4783 0.7058 0.4817 0.546 
东方海洋  2017/01/23 11.7996 0.6107 0.74 0.4518 0.5733 
东方海洋  2017/01/24 11.3902 0.5834 0.4802 0.6189 0.4286 
东方海洋  2017/02/06 11.3085 0.4783 0.7058 0.4817 0.546 
东方海洋  2017/01/23 11.7996 0.6107 0.74 0.4518 0.5733 
东方海洋  2017/01/24 11.3902 0.5834 0.4802 0.6189 0.4286 
东方海洋  2017/02/06 11.3085 0.4783 0.7058 0.4817 0.546 
东方海洋  2017/01/23 11.7996 0.6107 0.74 0.4518 0.5733 
东方海洋  2017/01/24 11.3902 0.5834 0.4802 0.6189 0.4286 
东方海洋  2017/02/06 11.3085 0.4783 0.7058 0.4817 0.546 
东方海洋  2017/01/23 11.7996 0.6107 0.74 0.4518 0.5733 
东方海洋  2017/01/24 11.3902 0.5834 0.4802 0.6189 0.4286 
东方海洋  2017/02/06 11.3085 0.4783 0.7058 0.4817 0.546 
东方海洋  2017/01/23 11.7996 0.6107 0.74 0.4518 0.5733 
东方海洋  2017/01/24 11.3902 0.5834 0.4802 0.6189 0.4286 
东方海洋  2017/02/06 11.3085 0.4783 0.7058 0.4817 0.546 
