宏达新材  2017/01/23 12.6329 0.466 0.4443 0.634 0.0648 宏达新材  2017/01/24 11.8621 0.4462 0.3711 0.6659 0.0859 宏达新材  2017/02/06 11.3822 0.4439 0.3369 0.2758 0.3283 宏达新材  2017/01/23 12.6329 0.466 0.4443 0.634 0.0648 
宏达新材  2017/01/24 11.8621 0.4462 0.3711 0.6659 0.0859 
宏达新材  2017/02/06 11.3822 0.4439 0.3369 0.2758 0.3283 
宏达新材  2017/01/23 12.6329 0.466 0.4443 0.634 0.0648 
宏达新材  2017/01/24 11.8621 0.4462 0.3711 0.6659 0.0859 
宏达新材  2017/02/06 11.3822 0.4439 0.3369 0.2758 0.3283 
宏达新材  2017/01/23 12.6329 0.466 0.4443 0.634 0.0648 
宏达新材  2017/01/24 11.8621 0.4462 0.3711 0.6659 0.0859 
宏达新材  2017/02/06 11.3822 0.4439 0.3369 0.2758 0.3283 
宏达新材  2017/01/23 12.6329 0.466 0.4443 0.634 0.0648 
宏达新材  2017/01/24 11.8621 0.4462 0.3711 0.6659 0.0859 
宏达新材  2017/02/06 11.3822 0.4439 0.3369 0.2758 0.3283 
宏达新材  2017/01/23 12.6329 0.466 0.4443 0.634 0.0648 
宏达新材  2017/01/24 11.8621 0.4462 0.3711 0.6659 0.0859 
宏达新材  2017/02/06 11.3822 0.4439 0.3369 0.2758 0.3283 
宏达新材  2017/01/23 12.6329 0.466 0.4443 0.634 0.0648 
宏达新材  2017/01/24 11.8621 0.4462 0.3711 0.6659 0.0859 
宏达新材  2017/02/06 11.3822 0.4439 0.3369 0.2758 0.3283 
宏达新材  2017/01/23 12.6329 0.466 0.4443 0.634 0.0648 
宏达新材  2017/01/24 11.8621 0.4462 0.3711 0.6659 0.0859 
宏达新材  2017/02/06 11.3822 0.4439 0.3369 0.2758 0.3283 
宏达新材  2017/01/23 12.6329 0.466 0.4443 0.634 0.0648 
宏达新材  2017/01/24 11.8621 0.4462 0.3711 0.6659 0.0859 
宏达新材  2017/02/06 11.3822 0.4439 0.3369 0.2758 0.3283 
宏达新材  2017/01/23 12.6329 0.466 0.4443 0.634 0.0648 
宏达新材  2017/01/24 11.8621 0.4462 0.3711 0.6659 0.0859 
宏达新材  2017/02/06 11.3822 0.4439 0.3369 0.2758 0.3283 
宏达新材  2017/01/23 12.6329 0.466 0.4443 0.634 0.0648 
宏达新材  2017/01/24 11.8621 0.4462 0.3711 0.6659 0.0859 
宏达新材  2017/02/06 11.3822 0.4439 0.3369 0.2758 0.3283 
宏达新材  2017/01/23 12.6329 0.466 0.4443 0.634 0.0648 
宏达新材  2017/01/24 11.8621 0.4462 0.3711 0.6659 0.0859 
宏达新材  2017/02/06 11.3822 0.4439 0.3369 0.2758 0.3283 
宏达新材  2017/01/23 12.6329 0.466 0.4443 0.634 0.0648 
宏达新材  2017/01/24 11.8621 0.4462 0.3711 0.6659 0.0859 
宏达新材  2017/02/06 11.3822 0.4439 0.3369 0.2758 0.3283 
宏达新材  2017/01/23 12.6329 0.466 0.4443 0.634 0.0648 
宏达新材  2017/01/24 11.8621 0.4462 0.3711 0.6659 0.0859 
宏达新材  2017/02/06 11.3822 0.4439 0.3369 0.2758 0.3283 
宏达新材  2017/01/23 12.6329 0.466 0.4443 0.634 0.0648 
宏达新材  2017/01/24 11.8621 0.4462 0.3711 0.6659 0.0859 
宏达新材  2017/02/06 11.3822 0.4439 0.3369 0.2758 0.3283 
宏达新材  2017/01/23 12.6329 0.466 0.4443 0.634 0.0648 
宏达新材  2017/01/24 11.8621 0.4462 0.3711 0.6659 0.0859 
宏达新材  2017/02/06 11.3822 0.4439 0.3369 0.2758 0.3283 
