保龄宝  2017/01/23 17.3166 0.5543 0.5521 0.7939 0.7651 保龄宝  2017/01/24 17.0018 0.5757 0.4381 0.5492 0.7677 保龄宝  2017/02/06 15.5779 0.4764 0.5388 0.5058 0.6794 保龄宝  2017/01/23 17.3166 0.5543 0.5521 0.7939 0.7651 
保龄宝  2017/01/24 17.0018 0.5757 0.4381 0.5492 0.7677 
保龄宝  2017/02/06 15.5779 0.4764 0.5388 0.5058 0.6794 
保龄宝  2017/01/23 17.3166 0.5543 0.5521 0.7939 0.7651 
保龄宝  2017/01/24 17.0018 0.5757 0.4381 0.5492 0.7677 
保龄宝  2017/02/06 15.5779 0.4764 0.5388 0.5058 0.6794 
保龄宝  2017/01/23 17.3166 0.5543 0.5521 0.7939 0.7651 
保龄宝  2017/01/24 17.0018 0.5757 0.4381 0.5492 0.7677 
保龄宝  2017/02/06 15.5779 0.4764 0.5388 0.5058 0.6794 
保龄宝  2017/01/23 17.3166 0.5543 0.5521 0.7939 0.7651 
保龄宝  2017/01/24 17.0018 0.5757 0.4381 0.5492 0.7677 
保龄宝  2017/02/06 15.5779 0.4764 0.5388 0.5058 0.6794 
保龄宝  2017/01/23 17.3166 0.5543 0.5521 0.7939 0.7651 
保龄宝  2017/01/24 17.0018 0.5757 0.4381 0.5492 0.7677 
保龄宝  2017/02/06 15.5779 0.4764 0.5388 0.5058 0.6794 
保龄宝  2017/01/23 17.3166 0.5543 0.5521 0.7939 0.7651 
保龄宝  2017/01/24 17.0018 0.5757 0.4381 0.5492 0.7677 
保龄宝  2017/02/06 15.5779 0.4764 0.5388 0.5058 0.6794 
保龄宝  2017/01/23 17.3166 0.5543 0.5521 0.7939 0.7651 
保龄宝  2017/01/24 17.0018 0.5757 0.4381 0.5492 0.7677 
保龄宝  2017/02/06 15.5779 0.4764 0.5388 0.5058 0.6794 
保龄宝  2017/01/23 17.3166 0.5543 0.5521 0.7939 0.7651 
保龄宝  2017/01/24 17.0018 0.5757 0.4381 0.5492 0.7677 
保龄宝  2017/02/06 15.5779 0.4764 0.5388 0.5058 0.6794 
保龄宝  2017/01/23 17.3166 0.5543 0.5521 0.7939 0.7651 
保龄宝  2017/01/24 17.0018 0.5757 0.4381 0.5492 0.7677 
保龄宝  2017/02/06 15.5779 0.4764 0.5388 0.5058 0.6794 
保龄宝  2017/01/23 17.3166 0.5543 0.5521 0.7939 0.7651 
保龄宝  2017/01/24 17.0018 0.5757 0.4381 0.5492 0.7677 
保龄宝  2017/02/06 15.5779 0.4764 0.5388 0.5058 0.6794 
保龄宝  2017/01/23 17.3166 0.5543 0.5521 0.7939 0.7651 
保龄宝  2017/01/24 17.0018 0.5757 0.4381 0.5492 0.7677 
保龄宝  2017/02/06 15.5779 0.4764 0.5388 0.5058 0.6794 
保龄宝  2017/01/23 17.3166 0.5543 0.5521 0.7939 0.7651 
保龄宝  2017/01/24 17.0018 0.5757 0.4381 0.5492 0.7677 
保龄宝  2017/02/06 15.5779 0.4764 0.5388 0.5058 0.6794 
保龄宝  2017/01/23 17.3166 0.5543 0.5521 0.7939 0.7651 
保龄宝  2017/01/24 17.0018 0.5757 0.4381 0.5492 0.7677 
保龄宝  2017/02/06 15.5779 0.4764 0.5388 0.5058 0.6794 
保龄宝  2017/01/23 17.3166 0.5543 0.5521 0.7939 0.7651 
保龄宝  2017/01/24 17.0018 0.5757 0.4381 0.5492 0.7677 
保龄宝  2017/02/06 15.5779 0.4764 0.5388 0.5058 0.6794 
保龄宝  2017/01/23 17.3166 0.5543 0.5521 0.7939 0.7651 
保龄宝  2017/01/24 17.0018 0.5757 0.4381 0.5492 0.7677 
保龄宝  2017/02/06 15.5779 0.4764 0.5388 0.5058 0.6794 
