太极股份  2017/01/24 30.2025 0.5831 0.3183 0.2843 0.0327 太极股份  2017/02/06 30.9079 0.5408 0.374 0.411 0.2059 太极股份  2017/01/24 30.2025 0.5831 0.3183 0.2843 0.0327 
太极股份  2017/02/06 30.9079 0.5408 0.374 0.411 0.2059 
太极股份  2017/01/24 30.2025 0.5831 0.3183 0.2843 0.0327 
太极股份  2017/02/06 30.9079 0.5408 0.374 0.411 0.2059 
太极股份  2017/01/24 30.2025 0.5831 0.3183 0.2843 0.0327 
太极股份  2017/02/06 30.9079 0.5408 0.374 0.411 0.2059 
太极股份  2017/01/24 30.2025 0.5831 0.3183 0.2843 0.0327 
太极股份  2017/02/06 30.9079 0.5408 0.374 0.411 0.2059 
太极股份  2017/01/24 30.2025 0.5831 0.3183 0.2843 0.0327 
太极股份  2017/02/06 30.9079 0.5408 0.374 0.411 0.2059 
太极股份  2017/01/24 30.2025 0.5831 0.3183 0.2843 0.0327 
太极股份  2017/02/06 30.9079 0.5408 0.374 0.411 0.2059 
太极股份  2017/01/24 30.2025 0.5831 0.3183 0.2843 0.0327 
太极股份  2017/02/06 30.9079 0.5408 0.374 0.411 0.2059 
太极股份  2017/01/24 30.2025 0.5831 0.3183 0.2843 0.0327 
太极股份  2017/02/06 30.9079 0.5408 0.374 0.411 0.2059 
太极股份  2017/01/24 30.2025 0.5831 0.3183 0.2843 0.0327 
太极股份  2017/02/06 30.9079 0.5408 0.374 0.411 0.2059 
太极股份  2017/01/24 30.2025 0.5831 0.3183 0.2843 0.0327 
太极股份  2017/02/06 30.9079 0.5408 0.374 0.411 0.2059 
太极股份  2017/01/24 30.2025 0.5831 0.3183 0.2843 0.0327 
太极股份  2017/02/06 30.9079 0.5408 0.374 0.411 0.2059 
太极股份  2017/01/24 30.2025 0.5831 0.3183 0.2843 0.0327 
太极股份  2017/02/06 30.9079 0.5408 0.374 0.411 0.2059 
太极股份  2017/01/24 30.2025 0.5831 0.3183 0.2843 0.0327 
太极股份  2017/02/06 30.9079 0.5408 0.374 0.411 0.2059 
太极股份  2017/01/24 30.2025 0.5831 0.3183 0.2843 0.0327 
太极股份  2017/02/06 30.9079 0.5408 0.374 0.411 0.2059 
太极股份  2017/01/24 30.2025 0.5831 0.3183 0.2843 0.0327 
太极股份  2017/02/06 30.9079 0.5408 0.374 0.411 0.2059 
