新亚制程  2017/02/06 15.4415 0.7178 0.5407 0.4838 0.4254 新亚制程  2017/02/06 15.4415 0.7178 0.5407 0.4838 0.4254 
新亚制程  2017/02/06 15.4415 0.7178 0.5407 0.4838 0.4254 
新亚制程  2017/02/06 15.4415 0.7178 0.5407 0.4838 0.4254 
新亚制程  2017/02/06 15.4415 0.7178 0.5407 0.4838 0.4254 
新亚制程  2017/02/06 15.4415 0.7178 0.5407 0.4838 0.4254 
新亚制程  2017/02/06 15.4415 0.7178 0.5407 0.4838 0.4254 
新亚制程  2017/02/06 15.4415 0.7178 0.5407 0.4838 0.4254 
新亚制程  2017/02/06 15.4415 0.7178 0.5407 0.4838 0.4254 
新亚制程  2017/02/06 15.4415 0.7178 0.5407 0.4838 0.4254 
新亚制程  2017/02/06 15.4415 0.7178 0.5407 0.4838 0.4254 
新亚制程  2017/02/06 15.4415 0.7178 0.5407 0.4838 0.4254 
新亚制程  2017/02/06 15.4415 0.7178 0.5407 0.4838 0.4254 
新亚制程  2017/02/06 15.4415 0.7178 0.5407 0.4838 0.4254 
新亚制程  2017/02/06 15.4415 0.7178 0.5407 0.4838 0.4254 
新亚制程  2017/02/06 15.4415 0.7178 0.5407 0.4838 0.4254 
