格林美  2017/02/06 6.0724 0.38 0.2951 0.3201 0.2271 格林美  2017/02/06 6.0724 0.38 0.2951 0.3201 0.2271 
格林美  2017/02/06 6.0724 0.38 0.2951 0.3201 0.2271 
格林美  2017/02/06 6.0724 0.38 0.2951 0.3201 0.2271 
格林美  2017/02/06 6.0724 0.38 0.2951 0.3201 0.2271 
格林美  2017/02/06 6.0724 0.38 0.2951 0.3201 0.2271 
格林美  2017/02/06 6.0724 0.38 0.2951 0.3201 0.2271 
格林美  2017/02/06 6.0724 0.38 0.2951 0.3201 0.2271 
格林美  2017/02/06 6.0724 0.38 0.2951 0.3201 0.2271 
格林美  2017/02/06 6.0724 0.38 0.2951 0.3201 0.2271 
格林美  2017/02/06 6.0724 0.38 0.2951 0.3201 0.2271 
格林美  2017/02/06 6.0724 0.38 0.2951 0.3201 0.2271 
格林美  2017/02/06 6.0724 0.38 0.2951 0.3201 0.2271 
格林美  2017/02/06 6.0724 0.38 0.2951 0.3201 0.2271 
格林美  2017/02/06 6.0724 0.38 0.2951 0.3201 0.2271 
格林美  2017/02/06 6.0724 0.38 0.2951 0.3201 0.2271 
