露笑科技  2017/01/23 14.6567 0.5128 0.1893 0.3857 0.2743 露笑科技  2017/01/24 14.711 0.563 0.4057 0.6516 0.0906 露笑科技  2017/02/06 14.1675 0.4076 0.1559 0.134 0.0587 露笑科技  2017/01/23 14.6567 0.5128 0.1893 0.3857 0.2743 
露笑科技  2017/01/24 14.711 0.563 0.4057 0.6516 0.0906 
露笑科技  2017/02/06 14.1675 0.4076 0.1559 0.134 0.0587 
露笑科技  2017/01/23 14.6567 0.5128 0.1893 0.3857 0.2743 
露笑科技  2017/01/24 14.711 0.563 0.4057 0.6516 0.0906 
露笑科技  2017/02/06 14.1675 0.4076 0.1559 0.134 0.0587 
露笑科技  2017/01/23 14.6567 0.5128 0.1893 0.3857 0.2743 
露笑科技  2017/01/24 14.711 0.563 0.4057 0.6516 0.0906 
露笑科技  2017/02/06 14.1675 0.4076 0.1559 0.134 0.0587 
露笑科技  2017/01/23 14.6567 0.5128 0.1893 0.3857 0.2743 
露笑科技  2017/01/24 14.711 0.563 0.4057 0.6516 0.0906 
露笑科技  2017/02/06 14.1675 0.4076 0.1559 0.134 0.0587 
露笑科技  2017/01/23 14.6567 0.5128 0.1893 0.3857 0.2743 
露笑科技  2017/01/24 14.711 0.563 0.4057 0.6516 0.0906 
露笑科技  2017/02/06 14.1675 0.4076 0.1559 0.134 0.0587 
露笑科技  2017/01/23 14.6567 0.5128 0.1893 0.3857 0.2743 
露笑科技  2017/01/24 14.711 0.563 0.4057 0.6516 0.0906 
露笑科技  2017/02/06 14.1675 0.4076 0.1559 0.134 0.0587 
露笑科技  2017/01/23 14.6567 0.5128 0.1893 0.3857 0.2743 
露笑科技  2017/01/24 14.711 0.563 0.4057 0.6516 0.0906 
露笑科技  2017/02/06 14.1675 0.4076 0.1559 0.134 0.0587 
露笑科技  2017/01/23 14.6567 0.5128 0.1893 0.3857 0.2743 
露笑科技  2017/01/24 14.711 0.563 0.4057 0.6516 0.0906 
露笑科技  2017/02/06 14.1675 0.4076 0.1559 0.134 0.0587 
露笑科技  2017/01/23 14.6567 0.5128 0.1893 0.3857 0.2743 
露笑科技  2017/01/24 14.711 0.563 0.4057 0.6516 0.0906 
露笑科技  2017/02/06 14.1675 0.4076 0.1559 0.134 0.0587 
露笑科技  2017/01/23 14.6567 0.5128 0.1893 0.3857 0.2743 
露笑科技  2017/01/24 14.711 0.563 0.4057 0.6516 0.0906 
露笑科技  2017/02/06 14.1675 0.4076 0.1559 0.134 0.0587 
露笑科技  2017/01/23 14.6567 0.5128 0.1893 0.3857 0.2743 
露笑科技  2017/01/24 14.711 0.563 0.4057 0.6516 0.0906 
露笑科技  2017/02/06 14.1675 0.4076 0.1559 0.134 0.0587 
露笑科技  2017/01/23 14.6567 0.5128 0.1893 0.3857 0.2743 
露笑科技  2017/01/24 14.711 0.563 0.4057 0.6516 0.0906 
露笑科技  2017/02/06 14.1675 0.4076 0.1559 0.134 0.0587 
露笑科技  2017/01/23 14.6567 0.5128 0.1893 0.3857 0.2743 
露笑科技  2017/01/24 14.711 0.563 0.4057 0.6516 0.0906 
露笑科技  2017/02/06 14.1675 0.4076 0.1559 0.134 0.0587 
露笑科技  2017/01/23 14.6567 0.5128 0.1893 0.3857 0.2743 
露笑科技  2017/01/24 14.711 0.563 0.4057 0.6516 0.0906 
露笑科技  2017/02/06 14.1675 0.4076 0.1559 0.134 0.0587 
露笑科技  2017/01/23 14.6567 0.5128 0.1893 0.3857 0.2743 
露笑科技  2017/01/24 14.711 0.563 0.4057 0.6516 0.0906 
露笑科技  2017/02/06 14.1675 0.4076 0.1559 0.134 0.0587 
