探路者  2017/02/06 15.1733 0.5276 0.4385 0.5417 0.2587 探路者  2017/02/06 15.1733 0.5276 0.4385 0.5417 0.2587 
探路者  2017/02/06 15.1733 0.5276 0.4385 0.5417 0.2587 
探路者  2017/02/06 15.1733 0.5276 0.4385 0.5417 0.2587 
探路者  2017/02/06 15.1733 0.5276 0.4385 0.5417 0.2587 
探路者  2017/02/06 15.1733 0.5276 0.4385 0.5417 0.2587 
探路者  2017/02/06 15.1733 0.5276 0.4385 0.5417 0.2587 
探路者  2017/02/06 15.1733 0.5276 0.4385 0.5417 0.2587 
探路者  2017/02/06 15.1733 0.5276 0.4385 0.5417 0.2587 
探路者  2017/02/06 15.1733 0.5276 0.4385 0.5417 0.2587 
探路者  2017/02/06 15.1733 0.5276 0.4385 0.5417 0.2587 
探路者  2017/02/06 15.1733 0.5276 0.4385 0.5417 0.2587 
探路者  2017/02/06 15.1733 0.5276 0.4385 0.5417 0.2587 
探路者  2017/02/06 15.1733 0.5276 0.4385 0.5417 0.2587 
探路者  2017/02/06 15.1733 0.5276 0.4385 0.5417 0.2587 
探路者  2017/02/06 15.1733 0.5276 0.4385 0.5417 0.2587 
