高新兴  2017/01/23 14.0489 0.4389 0.6016 0.567 0.2716 高新兴  2017/01/24 12.9982 0.481 0.6084 0.5427 0.1565 高新兴  2017/02/06 12.657 0.4959 0.5131 0.487 0.1289 高新兴  2017/01/23 14.0489 0.4389 0.6016 0.567 0.2716 
高新兴  2017/01/24 12.9982 0.481 0.6084 0.5427 0.1565 
高新兴  2017/02/06 12.657 0.4959 0.5131 0.487 0.1289 
高新兴  2017/01/23 14.0489 0.4389 0.6016 0.567 0.2716 
高新兴  2017/01/24 12.9982 0.481 0.6084 0.5427 0.1565 
高新兴  2017/02/06 12.657 0.4959 0.5131 0.487 0.1289 
高新兴  2017/01/23 14.0489 0.4389 0.6016 0.567 0.2716 
高新兴  2017/01/24 12.9982 0.481 0.6084 0.5427 0.1565 
高新兴  2017/02/06 12.657 0.4959 0.5131 0.487 0.1289 
高新兴  2017/01/23 14.0489 0.4389 0.6016 0.567 0.2716 
高新兴  2017/01/24 12.9982 0.481 0.6084 0.5427 0.1565 
高新兴  2017/02/06 12.657 0.4959 0.5131 0.487 0.1289 
高新兴  2017/01/23 14.0489 0.4389 0.6016 0.567 0.2716 
高新兴  2017/01/24 12.9982 0.481 0.6084 0.5427 0.1565 
高新兴  2017/02/06 12.657 0.4959 0.5131 0.487 0.1289 
高新兴  2017/01/23 14.0489 0.4389 0.6016 0.567 0.2716 
高新兴  2017/01/24 12.9982 0.481 0.6084 0.5427 0.1565 
高新兴  2017/02/06 12.657 0.4959 0.5131 0.487 0.1289 
高新兴  2017/01/23 14.0489 0.4389 0.6016 0.567 0.2716 
高新兴  2017/01/24 12.9982 0.481 0.6084 0.5427 0.1565 
高新兴  2017/02/06 12.657 0.4959 0.5131 0.487 0.1289 
高新兴  2017/01/23 14.0489 0.4389 0.6016 0.567 0.2716 
高新兴  2017/01/24 12.9982 0.481 0.6084 0.5427 0.1565 
高新兴  2017/02/06 12.657 0.4959 0.5131 0.487 0.1289 
高新兴  2017/01/23 14.0489 0.4389 0.6016 0.567 0.2716 
高新兴  2017/01/24 12.9982 0.481 0.6084 0.5427 0.1565 
高新兴  2017/02/06 12.657 0.4959 0.5131 0.487 0.1289 
高新兴  2017/01/23 14.0489 0.4389 0.6016 0.567 0.2716 
高新兴  2017/01/24 12.9982 0.481 0.6084 0.5427 0.1565 
高新兴  2017/02/06 12.657 0.4959 0.5131 0.487 0.1289 
高新兴  2017/01/23 14.0489 0.4389 0.6016 0.567 0.2716 
高新兴  2017/01/24 12.9982 0.481 0.6084 0.5427 0.1565 
高新兴  2017/02/06 12.657 0.4959 0.5131 0.487 0.1289 
高新兴  2017/01/23 14.0489 0.4389 0.6016 0.567 0.2716 
高新兴  2017/01/24 12.9982 0.481 0.6084 0.5427 0.1565 
高新兴  2017/02/06 12.657 0.4959 0.5131 0.487 0.1289 
高新兴  2017/01/23 14.0489 0.4389 0.6016 0.567 0.2716 
高新兴  2017/01/24 12.9982 0.481 0.6084 0.5427 0.1565 
高新兴  2017/02/06 12.657 0.4959 0.5131 0.487 0.1289 
高新兴  2017/01/23 14.0489 0.4389 0.6016 0.567 0.2716 
高新兴  2017/01/24 12.9982 0.481 0.6084 0.5427 0.1565 
高新兴  2017/02/06 12.657 0.4959 0.5131 0.487 0.1289 
高新兴  2017/01/23 14.0489 0.4389 0.6016 0.567 0.2716 
高新兴  2017/01/24 12.9982 0.481 0.6084 0.5427 0.1565 
高新兴  2017/02/06 12.657 0.4959 0.5131 0.487 0.1289 
