双林股份  2017/02/06 28.1719 0.4676 0.4575 0.5093 0.1682 双林股份  2017/02/06 28.1719 0.4676 0.4575 0.5093 0.1682 
双林股份  2017/02/06 28.1719 0.4676 0.4575 0.5093 0.1682 
双林股份  2017/02/06 28.1719 0.4676 0.4575 0.5093 0.1682 
双林股份  2017/02/06 28.1719 0.4676 0.4575 0.5093 0.1682 
双林股份  2017/02/06 28.1719 0.4676 0.4575 0.5093 0.1682 
双林股份  2017/02/06 28.1719 0.4676 0.4575 0.5093 0.1682 
双林股份  2017/02/06 28.1719 0.4676 0.4575 0.5093 0.1682 
双林股份  2017/02/06 28.1719 0.4676 0.4575 0.5093 0.1682 
双林股份  2017/02/06 28.1719 0.4676 0.4575 0.5093 0.1682 
双林股份  2017/02/06 28.1719 0.4676 0.4575 0.5093 0.1682 
双林股份  2017/02/06 28.1719 0.4676 0.4575 0.5093 0.1682 
双林股份  2017/02/06 28.1719 0.4676 0.4575 0.5093 0.1682 
双林股份  2017/02/06 28.1719 0.4676 0.4575 0.5093 0.1682 
双林股份  2017/02/06 28.1719 0.4676 0.4575 0.5093 0.1682 
双林股份  2017/02/06 28.1719 0.4676 0.4575 0.5093 0.1682 
