天孚通信  2017/02/06 31.2382 0.5905 0.329 0.3462 0.4691 天孚通信  2017/02/06 31.2382 0.5905 0.329 0.3462 0.4691 
天孚通信  2017/02/06 31.2382 0.5905 0.329 0.3462 0.4691 
天孚通信  2017/02/06 31.2382 0.5905 0.329 0.3462 0.4691 
天孚通信  2017/02/06 31.2382 0.5905 0.329 0.3462 0.4691 
天孚通信  2017/02/06 31.2382 0.5905 0.329 0.3462 0.4691 
天孚通信  2017/02/06 31.2382 0.5905 0.329 0.3462 0.4691 
天孚通信  2017/02/06 31.2382 0.5905 0.329 0.3462 0.4691 
天孚通信  2017/02/06 31.2382 0.5905 0.329 0.3462 0.4691 
天孚通信  2017/02/06 31.2382 0.5905 0.329 0.3462 0.4691 
天孚通信  2017/02/06 31.2382 0.5905 0.329 0.3462 0.4691 
天孚通信  2017/02/06 31.2382 0.5905 0.329 0.3462 0.4691 
天孚通信  2017/02/06 31.2382 0.5905 0.329 0.3462 0.4691 
天孚通信  2017/02/06 31.2382 0.5905 0.329 0.3462 0.4691 
天孚通信  2017/02/06 31.2382 0.5905 0.329 0.3462 0.4691 
天孚通信  2017/02/06 31.2382 0.5905 0.329 0.3462 0.4691 
