金科娱乐  2017/02/06 18.1249 0.617 0.6492 0.5901 0.6232 金科娱乐  2017/02/06 18.1249 0.617 0.6492 0.5901 0.6232 
金科娱乐  2017/02/06 18.1249 0.617 0.6492 0.5901 0.6232 
金科娱乐  2017/02/06 18.1249 0.617 0.6492 0.5901 0.6232 
金科娱乐  2017/02/06 18.1249 0.617 0.6492 0.5901 0.6232 
金科娱乐  2017/02/06 18.1249 0.617 0.6492 0.5901 0.6232 
金科娱乐  2017/02/06 18.1249 0.617 0.6492 0.5901 0.6232 
金科娱乐  2017/02/06 18.1249 0.617 0.6492 0.5901 0.6232 
金科娱乐  2017/02/06 18.1249 0.617 0.6492 0.5901 0.6232 
金科娱乐  2017/02/06 18.1249 0.617 0.6492 0.5901 0.6232 
金科娱乐  2017/02/06 18.1249 0.617 0.6492 0.5901 0.6232 
金科娱乐  2017/02/06 18.1249 0.617 0.6492 0.5901 0.6232 
金科娱乐  2017/02/06 18.1249 0.617 0.6492 0.5901 0.6232 
金科娱乐  2017/02/06 18.1249 0.617 0.6492 0.5901 0.6232 
金科娱乐  2017/02/06 18.1249 0.617 0.6492 0.5901 0.6232 
金科娱乐  2017/02/06 18.1249 0.617 0.6492 0.5901 0.6232 
