万通地产  2017/01/24 6.0608 0.5948 0.5573 0.4526 0.7539 万通地产  2017/02/06 5.8832 0.4178 0.5643 0.4784 0.5576 万通地产  2017/01/24 6.0608 0.5948 0.5573 0.4526 0.7539 
万通地产  2017/02/06 5.8832 0.4178 0.5643 0.4784 0.5576 
万通地产  2017/01/24 6.0608 0.5948 0.5573 0.4526 0.7539 
万通地产  2017/02/06 5.8832 0.4178 0.5643 0.4784 0.5576 
万通地产  2017/01/24 6.0608 0.5948 0.5573 0.4526 0.7539 
万通地产  2017/02/06 5.8832 0.4178 0.5643 0.4784 0.5576 
万通地产  2017/01/24 6.0608 0.5948 0.5573 0.4526 0.7539 
万通地产  2017/02/06 5.8832 0.4178 0.5643 0.4784 0.5576 
万通地产  2017/01/24 6.0608 0.5948 0.5573 0.4526 0.7539 
万通地产  2017/02/06 5.8832 0.4178 0.5643 0.4784 0.5576 
万通地产  2017/01/24 6.0608 0.5948 0.5573 0.4526 0.7539 
万通地产  2017/02/06 5.8832 0.4178 0.5643 0.4784 0.5576 
万通地产  2017/01/24 6.0608 0.5948 0.5573 0.4526 0.7539 
万通地产  2017/02/06 5.8832 0.4178 0.5643 0.4784 0.5576 
万通地产  2017/01/24 6.0608 0.5948 0.5573 0.4526 0.7539 
万通地产  2017/02/06 5.8832 0.4178 0.5643 0.4784 0.5576 
万通地产  2017/01/24 6.0608 0.5948 0.5573 0.4526 0.7539 
万通地产  2017/02/06 5.8832 0.4178 0.5643 0.4784 0.5576 
万通地产  2017/01/24 6.0608 0.5948 0.5573 0.4526 0.7539 
万通地产  2017/02/06 5.8832 0.4178 0.5643 0.4784 0.5576 
万通地产  2017/01/24 6.0608 0.5948 0.5573 0.4526 0.7539 
万通地产  2017/02/06 5.8832 0.4178 0.5643 0.4784 0.5576 
万通地产  2017/01/24 6.0608 0.5948 0.5573 0.4526 0.7539 
万通地产  2017/02/06 5.8832 0.4178 0.5643 0.4784 0.5576 
万通地产  2017/01/24 6.0608 0.5948 0.5573 0.4526 0.7539 
万通地产  2017/02/06 5.8832 0.4178 0.5643 0.4784 0.5576 
万通地产  2017/01/24 6.0608 0.5948 0.5573 0.4526 0.7539 
万通地产  2017/02/06 5.8832 0.4178 0.5643 0.4784 0.5576 
万通地产  2017/01/24 6.0608 0.5948 0.5573 0.4526 0.7539 
万通地产  2017/02/06 5.8832 0.4178 0.5643 0.4784 0.5576 
