宏达股份  2017/01/23 6.2943 0.7456 0.4859 0.5267 0.543 宏达股份  2017/01/24 6.1975 0.7388 0.4924 0.5563 0.4587 宏达股份  2017/02/06 6.15 0.5763 0.4696 0.4312 0.6565 宏达股份  2017/01/23 6.2943 0.7456 0.4859 0.5267 0.543 
宏达股份  2017/01/24 6.1975 0.7388 0.4924 0.5563 0.4587 
宏达股份  2017/02/06 6.15 0.5763 0.4696 0.4312 0.6565 
宏达股份  2017/01/23 6.2943 0.7456 0.4859 0.5267 0.543 
宏达股份  2017/01/24 6.1975 0.7388 0.4924 0.5563 0.4587 
宏达股份  2017/02/06 6.15 0.5763 0.4696 0.4312 0.6565 
宏达股份  2017/01/23 6.2943 0.7456 0.4859 0.5267 0.543 
宏达股份  2017/01/24 6.1975 0.7388 0.4924 0.5563 0.4587 
宏达股份  2017/02/06 6.15 0.5763 0.4696 0.4312 0.6565 
宏达股份  2017/01/23 6.2943 0.7456 0.4859 0.5267 0.543 
宏达股份  2017/01/24 6.1975 0.7388 0.4924 0.5563 0.4587 
宏达股份  2017/02/06 6.15 0.5763 0.4696 0.4312 0.6565 
宏达股份  2017/01/23 6.2943 0.7456 0.4859 0.5267 0.543 
宏达股份  2017/01/24 6.1975 0.7388 0.4924 0.5563 0.4587 
宏达股份  2017/02/06 6.15 0.5763 0.4696 0.4312 0.6565 
宏达股份  2017/01/23 6.2943 0.7456 0.4859 0.5267 0.543 
宏达股份  2017/01/24 6.1975 0.7388 0.4924 0.5563 0.4587 
宏达股份  2017/02/06 6.15 0.5763 0.4696 0.4312 0.6565 
宏达股份  2017/01/23 6.2943 0.7456 0.4859 0.5267 0.543 
宏达股份  2017/01/24 6.1975 0.7388 0.4924 0.5563 0.4587 
宏达股份  2017/02/06 6.15 0.5763 0.4696 0.4312 0.6565 
宏达股份  2017/01/23 6.2943 0.7456 0.4859 0.5267 0.543 
宏达股份  2017/01/24 6.1975 0.7388 0.4924 0.5563 0.4587 
宏达股份  2017/02/06 6.15 0.5763 0.4696 0.4312 0.6565 
宏达股份  2017/01/23 6.2943 0.7456 0.4859 0.5267 0.543 
宏达股份  2017/01/24 6.1975 0.7388 0.4924 0.5563 0.4587 
宏达股份  2017/02/06 6.15 0.5763 0.4696 0.4312 0.6565 
宏达股份  2017/01/23 6.2943 0.7456 0.4859 0.5267 0.543 
宏达股份  2017/01/24 6.1975 0.7388 0.4924 0.5563 0.4587 
宏达股份  2017/02/06 6.15 0.5763 0.4696 0.4312 0.6565 
宏达股份  2017/01/23 6.2943 0.7456 0.4859 0.5267 0.543 
宏达股份  2017/01/24 6.1975 0.7388 0.4924 0.5563 0.4587 
宏达股份  2017/02/06 6.15 0.5763 0.4696 0.4312 0.6565 
宏达股份  2017/01/23 6.2943 0.7456 0.4859 0.5267 0.543 
宏达股份  2017/01/24 6.1975 0.7388 0.4924 0.5563 0.4587 
宏达股份  2017/02/06 6.15 0.5763 0.4696 0.4312 0.6565 
宏达股份  2017/01/23 6.2943 0.7456 0.4859 0.5267 0.543 
宏达股份  2017/01/24 6.1975 0.7388 0.4924 0.5563 0.4587 
宏达股份  2017/02/06 6.15 0.5763 0.4696 0.4312 0.6565 
宏达股份  2017/01/23 6.2943 0.7456 0.4859 0.5267 0.543 
宏达股份  2017/01/24 6.1975 0.7388 0.4924 0.5563 0.4587 
宏达股份  2017/02/06 6.15 0.5763 0.4696 0.4312 0.6565 
宏达股份  2017/01/23 6.2943 0.7456 0.4859 0.5267 0.543 
宏达股份  2017/01/24 6.1975 0.7388 0.4924 0.5563 0.4587 
宏达股份  2017/02/06 6.15 0.5763 0.4696 0.4312 0.6565 
