精工钢构  2017/02/06 4.3247 0.5043 0.313 0.4038 0.1998 精工钢构  2017/02/06 4.3247 0.5043 0.313 0.4038 0.1998 
精工钢构  2017/02/06 4.3247 0.5043 0.313 0.4038 0.1998 
精工钢构  2017/02/06 4.3247 0.5043 0.313 0.4038 0.1998 
精工钢构  2017/02/06 4.3247 0.5043 0.313 0.4038 0.1998 
精工钢构  2017/02/06 4.3247 0.5043 0.313 0.4038 0.1998 
精工钢构  2017/02/06 4.3247 0.5043 0.313 0.4038 0.1998 
精工钢构  2017/02/06 4.3247 0.5043 0.313 0.4038 0.1998 
精工钢构  2017/02/06 4.3247 0.5043 0.313 0.4038 0.1998 
精工钢构  2017/02/06 4.3247 0.5043 0.313 0.4038 0.1998 
精工钢构  2017/02/06 4.3247 0.5043 0.313 0.4038 0.1998 
精工钢构  2017/02/06 4.3247 0.5043 0.313 0.4038 0.1998 
精工钢构  2017/02/06 4.3247 0.5043 0.313 0.4038 0.1998 
精工钢构  2017/02/06 4.3247 0.5043 0.313 0.4038 0.1998 
精工钢构  2017/02/06 4.3247 0.5043 0.313 0.4038 0.1998 
精工钢构  2017/02/06 4.3247 0.5043 0.313 0.4038 0.1998 
