沱牌舍得  2017/01/23 23.7292 0.6952 0.4535 0.414 0.1161 沱牌舍得  2017/01/24 24.1638 0.7032 0.4752 0.3715 0.372 沱牌舍得  2017/02/06 23.5151 0.5899 0.4546 0.3387 0.5877 沱牌舍得  2017/01/23 23.7292 0.6952 0.4535 0.414 0.1161 
沱牌舍得  2017/01/24 24.1638 0.7032 0.4752 0.3715 0.372 
沱牌舍得  2017/02/06 23.5151 0.5899 0.4546 0.3387 0.5877 
沱牌舍得  2017/01/23 23.7292 0.6952 0.4535 0.414 0.1161 
沱牌舍得  2017/01/24 24.1638 0.7032 0.4752 0.3715 0.372 
沱牌舍得  2017/02/06 23.5151 0.5899 0.4546 0.3387 0.5877 
沱牌舍得  2017/01/23 23.7292 0.6952 0.4535 0.414 0.1161 
沱牌舍得  2017/01/24 24.1638 0.7032 0.4752 0.3715 0.372 
沱牌舍得  2017/02/06 23.5151 0.5899 0.4546 0.3387 0.5877 
沱牌舍得  2017/01/23 23.7292 0.6952 0.4535 0.414 0.1161 
沱牌舍得  2017/01/24 24.1638 0.7032 0.4752 0.3715 0.372 
沱牌舍得  2017/02/06 23.5151 0.5899 0.4546 0.3387 0.5877 
沱牌舍得  2017/01/23 23.7292 0.6952 0.4535 0.414 0.1161 
沱牌舍得  2017/01/24 24.1638 0.7032 0.4752 0.3715 0.372 
沱牌舍得  2017/02/06 23.5151 0.5899 0.4546 0.3387 0.5877 
沱牌舍得  2017/01/23 23.7292 0.6952 0.4535 0.414 0.1161 
沱牌舍得  2017/01/24 24.1638 0.7032 0.4752 0.3715 0.372 
沱牌舍得  2017/02/06 23.5151 0.5899 0.4546 0.3387 0.5877 
沱牌舍得  2017/01/23 23.7292 0.6952 0.4535 0.414 0.1161 
沱牌舍得  2017/01/24 24.1638 0.7032 0.4752 0.3715 0.372 
沱牌舍得  2017/02/06 23.5151 0.5899 0.4546 0.3387 0.5877 
沱牌舍得  2017/01/23 23.7292 0.6952 0.4535 0.414 0.1161 
沱牌舍得  2017/01/24 24.1638 0.7032 0.4752 0.3715 0.372 
沱牌舍得  2017/02/06 23.5151 0.5899 0.4546 0.3387 0.5877 
沱牌舍得  2017/01/23 23.7292 0.6952 0.4535 0.414 0.1161 
沱牌舍得  2017/01/24 24.1638 0.7032 0.4752 0.3715 0.372 
沱牌舍得  2017/02/06 23.5151 0.5899 0.4546 0.3387 0.5877 
沱牌舍得  2017/01/23 23.7292 0.6952 0.4535 0.414 0.1161 
沱牌舍得  2017/01/24 24.1638 0.7032 0.4752 0.3715 0.372 
沱牌舍得  2017/02/06 23.5151 0.5899 0.4546 0.3387 0.5877 
沱牌舍得  2017/01/23 23.7292 0.6952 0.4535 0.414 0.1161 
沱牌舍得  2017/01/24 24.1638 0.7032 0.4752 0.3715 0.372 
沱牌舍得  2017/02/06 23.5151 0.5899 0.4546 0.3387 0.5877 
沱牌舍得  2017/01/23 23.7292 0.6952 0.4535 0.414 0.1161 
沱牌舍得  2017/01/24 24.1638 0.7032 0.4752 0.3715 0.372 
沱牌舍得  2017/02/06 23.5151 0.5899 0.4546 0.3387 0.5877 
沱牌舍得  2017/01/23 23.7292 0.6952 0.4535 0.414 0.1161 
沱牌舍得  2017/01/24 24.1638 0.7032 0.4752 0.3715 0.372 
沱牌舍得  2017/02/06 23.5151 0.5899 0.4546 0.3387 0.5877 
沱牌舍得  2017/01/23 23.7292 0.6952 0.4535 0.414 0.1161 
沱牌舍得  2017/01/24 24.1638 0.7032 0.4752 0.3715 0.372 
沱牌舍得  2017/02/06 23.5151 0.5899 0.4546 0.3387 0.5877 
沱牌舍得  2017/01/23 23.7292 0.6952 0.4535 0.414 0.1161 
沱牌舍得  2017/01/24 24.1638 0.7032 0.4752 0.3715 0.372 
沱牌舍得  2017/02/06 23.5151 0.5899 0.4546 0.3387 0.5877 
