鹏博士  2017/01/23 23.2586 0.7118 0.4018 0.4711 0.2887 鹏博士  2017/01/24 23.5102 0.7228 0.4951 0.4529 0.4198 鹏博士  2017/02/06 23.075 0.5707 0.4978 0.6023 0.6334 鹏博士  2017/01/23 23.2586 0.7118 0.4018 0.4711 0.2887 
鹏博士  2017/01/24 23.5102 0.7228 0.4951 0.4529 0.4198 
鹏博士  2017/02/06 23.075 0.5707 0.4978 0.6023 0.6334 
鹏博士  2017/01/23 23.2586 0.7118 0.4018 0.4711 0.2887 
鹏博士  2017/01/24 23.5102 0.7228 0.4951 0.4529 0.4198 
鹏博士  2017/02/06 23.075 0.5707 0.4978 0.6023 0.6334 
鹏博士  2017/01/23 23.2586 0.7118 0.4018 0.4711 0.2887 
鹏博士  2017/01/24 23.5102 0.7228 0.4951 0.4529 0.4198 
鹏博士  2017/02/06 23.075 0.5707 0.4978 0.6023 0.6334 
鹏博士  2017/01/23 23.2586 0.7118 0.4018 0.4711 0.2887 
鹏博士  2017/01/24 23.5102 0.7228 0.4951 0.4529 0.4198 
鹏博士  2017/02/06 23.075 0.5707 0.4978 0.6023 0.6334 
鹏博士  2017/01/23 23.2586 0.7118 0.4018 0.4711 0.2887 
鹏博士  2017/01/24 23.5102 0.7228 0.4951 0.4529 0.4198 
鹏博士  2017/02/06 23.075 0.5707 0.4978 0.6023 0.6334 
鹏博士  2017/01/23 23.2586 0.7118 0.4018 0.4711 0.2887 
鹏博士  2017/01/24 23.5102 0.7228 0.4951 0.4529 0.4198 
鹏博士  2017/02/06 23.075 0.5707 0.4978 0.6023 0.6334 
鹏博士  2017/01/23 23.2586 0.7118 0.4018 0.4711 0.2887 
鹏博士  2017/01/24 23.5102 0.7228 0.4951 0.4529 0.4198 
鹏博士  2017/02/06 23.075 0.5707 0.4978 0.6023 0.6334 
鹏博士  2017/01/23 23.2586 0.7118 0.4018 0.4711 0.2887 
鹏博士  2017/01/24 23.5102 0.7228 0.4951 0.4529 0.4198 
鹏博士  2017/02/06 23.075 0.5707 0.4978 0.6023 0.6334 
鹏博士  2017/01/23 23.2586 0.7118 0.4018 0.4711 0.2887 
鹏博士  2017/01/24 23.5102 0.7228 0.4951 0.4529 0.4198 
鹏博士  2017/02/06 23.075 0.5707 0.4978 0.6023 0.6334 
鹏博士  2017/01/23 23.2586 0.7118 0.4018 0.4711 0.2887 
鹏博士  2017/01/24 23.5102 0.7228 0.4951 0.4529 0.4198 
鹏博士  2017/02/06 23.075 0.5707 0.4978 0.6023 0.6334 
鹏博士  2017/01/23 23.2586 0.7118 0.4018 0.4711 0.2887 
鹏博士  2017/01/24 23.5102 0.7228 0.4951 0.4529 0.4198 
鹏博士  2017/02/06 23.075 0.5707 0.4978 0.6023 0.6334 
鹏博士  2017/01/23 23.2586 0.7118 0.4018 0.4711 0.2887 
鹏博士  2017/01/24 23.5102 0.7228 0.4951 0.4529 0.4198 
鹏博士  2017/02/06 23.075 0.5707 0.4978 0.6023 0.6334 
鹏博士  2017/01/23 23.2586 0.7118 0.4018 0.4711 0.2887 
鹏博士  2017/01/24 23.5102 0.7228 0.4951 0.4529 0.4198 
鹏博士  2017/02/06 23.075 0.5707 0.4978 0.6023 0.6334 
鹏博士  2017/01/23 23.2586 0.7118 0.4018 0.4711 0.2887 
鹏博士  2017/01/24 23.5102 0.7228 0.4951 0.4529 0.4198 
鹏博士  2017/02/06 23.075 0.5707 0.4978 0.6023 0.6334 
鹏博士  2017/01/23 23.2586 0.7118 0.4018 0.4711 0.2887 
鹏博士  2017/01/24 23.5102 0.7228 0.4951 0.4529 0.4198 
鹏博士  2017/02/06 23.075 0.5707 0.4978 0.6023 0.6334 
