和邦生物  2017/01/23 5.1388 0.6656 0.5297 0.366 0.2463 和邦生物  2017/01/24 5.0789 0.6537 0.5293 0.3183 0.4344 和邦生物  2017/02/06 5.0214 0.5336 0.5639 0.2711 0.1842 和邦生物  2017/01/23 5.1388 0.6656 0.5297 0.366 0.2463 
和邦生物  2017/01/24 5.0789 0.6537 0.5293 0.3183 0.4344 
和邦生物  2017/02/06 5.0214 0.5336 0.5639 0.2711 0.1842 
和邦生物  2017/01/23 5.1388 0.6656 0.5297 0.366 0.2463 
和邦生物  2017/01/24 5.0789 0.6537 0.5293 0.3183 0.4344 
和邦生物  2017/02/06 5.0214 0.5336 0.5639 0.2711 0.1842 
和邦生物  2017/01/23 5.1388 0.6656 0.5297 0.366 0.2463 
和邦生物  2017/01/24 5.0789 0.6537 0.5293 0.3183 0.4344 
和邦生物  2017/02/06 5.0214 0.5336 0.5639 0.2711 0.1842 
和邦生物  2017/01/23 5.1388 0.6656 0.5297 0.366 0.2463 
和邦生物  2017/01/24 5.0789 0.6537 0.5293 0.3183 0.4344 
和邦生物  2017/02/06 5.0214 0.5336 0.5639 0.2711 0.1842 
和邦生物  2017/01/23 5.1388 0.6656 0.5297 0.366 0.2463 
和邦生物  2017/01/24 5.0789 0.6537 0.5293 0.3183 0.4344 
和邦生物  2017/02/06 5.0214 0.5336 0.5639 0.2711 0.1842 
和邦生物  2017/01/23 5.1388 0.6656 0.5297 0.366 0.2463 
和邦生物  2017/01/24 5.0789 0.6537 0.5293 0.3183 0.4344 
和邦生物  2017/02/06 5.0214 0.5336 0.5639 0.2711 0.1842 
和邦生物  2017/01/23 5.1388 0.6656 0.5297 0.366 0.2463 
和邦生物  2017/01/24 5.0789 0.6537 0.5293 0.3183 0.4344 
和邦生物  2017/02/06 5.0214 0.5336 0.5639 0.2711 0.1842 
和邦生物  2017/01/23 5.1388 0.6656 0.5297 0.366 0.2463 
和邦生物  2017/01/24 5.0789 0.6537 0.5293 0.3183 0.4344 
和邦生物  2017/02/06 5.0214 0.5336 0.5639 0.2711 0.1842 
和邦生物  2017/01/23 5.1388 0.6656 0.5297 0.366 0.2463 
和邦生物  2017/01/24 5.0789 0.6537 0.5293 0.3183 0.4344 
和邦生物  2017/02/06 5.0214 0.5336 0.5639 0.2711 0.1842 
和邦生物  2017/01/23 5.1388 0.6656 0.5297 0.366 0.2463 
和邦生物  2017/01/24 5.0789 0.6537 0.5293 0.3183 0.4344 
和邦生物  2017/02/06 5.0214 0.5336 0.5639 0.2711 0.1842 
和邦生物  2017/01/23 5.1388 0.6656 0.5297 0.366 0.2463 
和邦生物  2017/01/24 5.0789 0.6537 0.5293 0.3183 0.4344 
和邦生物  2017/02/06 5.0214 0.5336 0.5639 0.2711 0.1842 
和邦生物  2017/01/23 5.1388 0.6656 0.5297 0.366 0.2463 
和邦生物  2017/01/24 5.0789 0.6537 0.5293 0.3183 0.4344 
和邦生物  2017/02/06 5.0214 0.5336 0.5639 0.2711 0.1842 
和邦生物  2017/01/23 5.1388 0.6656 0.5297 0.366 0.2463 
和邦生物  2017/01/24 5.0789 0.6537 0.5293 0.3183 0.4344 
和邦生物  2017/02/06 5.0214 0.5336 0.5639 0.2711 0.1842 
和邦生物  2017/01/23 5.1388 0.6656 0.5297 0.366 0.2463 
和邦生物  2017/01/24 5.0789 0.6537 0.5293 0.3183 0.4344 
和邦生物  2017/02/06 5.0214 0.5336 0.5639 0.2711 0.1842 
和邦生物  2017/01/23 5.1388 0.6656 0.5297 0.366 0.2463 
和邦生物  2017/01/24 5.0789 0.6537 0.5293 0.3183 0.4344 
和邦生物  2017/02/06 5.0214 0.5336 0.5639 0.2711 0.1842 
