恒通股份  2017/02/06 32.7482 0.6436 0.4022 0.5034 0.6003 恒通股份  2017/02/06 32.7482 0.6436 0.4022 0.5034 0.6003 
恒通股份  2017/02/06 32.7482 0.6436 0.4022 0.5034 0.6003 
恒通股份  2017/02/06 32.7482 0.6436 0.4022 0.5034 0.6003 
恒通股份  2017/02/06 32.7482 0.6436 0.4022 0.5034 0.6003 
恒通股份  2017/02/06 32.7482 0.6436 0.4022 0.5034 0.6003 
恒通股份  2017/02/06 32.7482 0.6436 0.4022 0.5034 0.6003 
恒通股份  2017/02/06 32.7482 0.6436 0.4022 0.5034 0.6003 
恒通股份  2017/02/06 32.7482 0.6436 0.4022 0.5034 0.6003 
恒通股份  2017/02/06 32.7482 0.6436 0.4022 0.5034 0.6003 
恒通股份  2017/02/06 32.7482 0.6436 0.4022 0.5034 0.6003 
恒通股份  2017/02/06 32.7482 0.6436 0.4022 0.5034 0.6003 
恒通股份  2017/02/06 32.7482 0.6436 0.4022 0.5034 0.6003 
恒通股份  2017/02/06 32.7482 0.6436 0.4022 0.5034 0.6003 
恒通股份  2017/02/06 32.7482 0.6436 0.4022 0.5034 0.6003 
恒通股份  2017/02/06 32.7482 0.6436 0.4022 0.5034 0.6003 
